0.830997
0.694886
0.676177
0.691494
0.691464
0.685933
0.676881
0.765145
0.667526
0.671769
0.687283
0.672421
0.708400
0.679632
0.686562
0.680051
0.685210
0.676671
0.669236
0.709126
0.711778
0.698921
0.697029
0.678265
0.659459
0.694674
0.692312
0.698802
0.695910
0.696531
0.679381
0.675805
0.668680
0.666825
0.676297
0.654607
0.730554
0.668680
0.659336
0.709723
0.663608
0.708458
0.698198
0.664258
0.663947
0.674348
0.658348
0.679899
0.686738
0.645275
0.665595
0.691090
0.677393
0.676014
0.682365
0.657465
0.698755
0.681941
0.663489
0.678477
0.675906
0.660157
0.675686
0.689092
0.668204
0.658662
0.708540
0.660195
0.655153
0.674679
0.677922
0.677509
0.701602
0.653519
0.681653
0.681494
0.679693
0.672172
0.684290
0.725745
0.796618
0.758052
0.756462
0.778150
0.682712
0.701555
0.759257
0.692280
0.696408
0.681924
0.679720
0.663806
0.714056
0.685171
0.693331
0.680105
0.692735
0.668877
0.676697
0.696175
